// This file contains appIDs for all non games I am aware of on Steam. In the future, non-games may be suggested.
// Lines starting with "//" are ignored.
631780
868020
395180
1325500
639600
332350
275700
365670
245890
245910
245930
245950
245970
688930
317850
2245240
17340
310530
285250
533200
402590
1376890
1336350
449130
227700
1011650
929860
1528080
1341330
404790
348250
551370
439700
642920
678350
646170
646171
1004410
2527870
584140
702350
205930
770720
629170
992490
400551
1291500
625230
836900
285290
1421480
285230
1858670
1708090
954350
596350
1083500
323180
1227800
878760
1826140
700580
999730
564310
400040
365720
858460
1840
228020
285270
1619300
629160
1281930
623990
429881
2690330
2230760
2313550
1098190
431960
436820
458890
755770
1377150